0.0001 0.00808735
0.0006 0.00164735
0.0011 0.00496735
0.0016 0.00140735
0.0021 0.00403265
0.0026 0.000967346
0.0031 0.00251265
0.0036 0.000312654
0.0041 0.0129273
0.0046 0.00448735
0.0051 0.00148735
0.0056 0.00303265
0.0061 0.0174473
0.0066 0.00516735
0.0071 0.00624735
0.0076 0.000407346
0.0081 0.0265273
0.0086 0.00884735
0.0091 0.0154473
0.0096 0.0134073
0.0101 0.00136735
0.0106 0.0119273
0.0111 0.00299265
0.0116 0.0206473
0.0121 0.00375265
0.0126 0.0268873
0.0131 0.0206073
0.0136 0.00471265
0.0141 0.0236073
0.0146 0.0235273
0.0151 0.0181673
0.0156 0.00416735
0.0161 0.00528735
0.0166 0.0106473
0.0171 0.0298873
0.0176 0.0112473
0.0181 0.0156473
0.0186 0.0160073
0.0191 0.0344073
0.0196 0.0109127
0.0201 0.0212073
0.0206 0.0124727
0.0211 0.0319273
0.0216 0.0322073
0.0221 0.0212473
0.0226 0.0257273
0.0231 0.0255673
0.0236 0.0247273
0.0241 0.0414473
0.0246 0.0101673
0.0251 0.0274873
0.0256 0.0121673
0.0261 0.0213273
0.0266 0.00752735
0.0271 0.0446473
0.0276 0.0212873
0.0281 0.00544735
0.0286 0.0566073
0.0291 0.0327673
0.0296 0.0257273
0.0301 0.0210473
0.0306 0.0106873
0.0311 0.0138073
0.0316 0.00672735
0.0321 0.0186873
0.0326 0.0100873
0.0331 0.0112873
0.0336 0.0333673
0.0341 0.0362073
0.0346 0.0456873
0.0351 0.0582873
0.0356 0.00603265
0.0361 0.0104473
0.0366 0.0362073
0.0371 0.0755673
0.0376 0.00884735
0.0381 0.0224473
0.0386 0.0508073
0.0391 0.00216735
0.0396 0.0289673
0.0401 0.0528073
0.0406 0.00212735
0.0411 0.0489673
0.0416 0.0183527
0.0421 0.0237673
0.0426 0.0610873
0.0431 0.0194073
0.0436 0.0609673
0.0441 0.00468735
0.0446 0.0563673
0.0451 0.0127273
0.0456 0.0500073
0.0461 0.00764735
0.0466 0.0759673
0.0471 0.0244073
0.0476 0.0319927
0.0481 0.0268073
0.0486 0.0120327
0.0491 0.0439273
0.0496 0.00896735
0.0501 0.0635673
0.0506 0.0118873
0.0511 0.0167927
0.0516 0.0494873
0.0521 0.0207673
0.0526 0.0216727
0.0531 0.0350873
0.0536 0.00964735
0.0541 0.0609273
0.0546 0.0409273
0.0551 0.000712654
0.0556 0.0745273
0.0561 0.0548873
0.0566 0.0122473
0.0571 0.0215927
0.0576 0.0456473
0.0581 0.0122073
0.0586 0.0104727
0.0591 0.0484073
0.0596 0.0340873
0.0601 0.0104073
0.0606 0.0243127
0.0611 0.0532073
0.0616 0.0126873
0.0621 0.0108327
0.0626 0.0778473
0.0631 0.0533673
0.0636 0.0243273
0.0641 0.00948735
0.0646 0.0629673
0.0651 0.0438473
0.0656 0.0249673
0.0661 0.00324735
0.0666 0.0149927
0.0671 0.0618473
0.0676 0.0238873
0.0681 0.00592735
0.0686 0.0281127
0.0691 0.0652073
0.0696 0.0548473
0.0701 0.0341673
0.0706 0.00204735
0.0711 0.0289127
0.0716 0.0780073
0.0721 0.0578073
0.0726 0.0270873
0.0731 0.00576735
0.0736 0.0229127
0.0741 0.0518473
0.0746 0.0459673
0.0751 0.0335273
0.0756 0.00776735
0.0761 0.0160727
0.0766 0.0281127
0.0771 0.0643673
0.0776 0.0591673
0.0781 0.0466473
0.0786 0.00700735
0.0791 0.0184327
0.0796 0.0431127
0.0801 0.0892073
0.0806 0.0755273
0.0811 0.0479673
0.0816 0.0260073
0.0821 0.0122073
0.0826 0.0133127
0.0831 0.0834727
0.0836 0.0330073
0.0841 0.0478073
0.0846 0.0320073
0.0851 0.00124735
0.0856 0.00608735
0.0861 0.00959265
0.0866 0.00959265
0.0871 0.0608473
0.0876 0.0602473
0.0881 0.0435273
0.0886 0.00824735
0.0891 0.00799265
0.0896 0.0235527
0.0901 0.0489527
0.0906 0.0661127
0.0911 0.0816073
0.0916 0.0631273
0.0921 0.0447673
0.0926 0.0262073
0.0931 0.00720735
0.0936 0.00983265
0.0941 0.0275927
0.0946 0.0641527
0.0951 0.0915127
0.0956 0.0322073
0.0961 0.0322073
0.0966 0.0322073
0.0971 0.0127673
0.0976 0.00679265
0.0981 0.0157927
0.0986 0.0157927
0.0991 0.0367127
0.0996 0.0367127
0.1001 0.0628073
0.1006 0.0511673
0.1011 0.0287273
0.1016 0.0287273
0.1021 0.0287273
0.1026 0.00556735
0.1031 0.0152727
0.1036 0.0373927
0.1041 0.0373927
0.1046 0.0593927
0.1051 0.0810727
0.1056 0.0765273
0.1061 0.0765273
0.1066 0.0511273
0.1071 0.0143273
0.1076 0.0143273
0.1081 0.00979265
0.1086 0.00979265
0.1091 0.0597127
0.1096 0.0363127
0.1101 0.0596727
0.1106 0.0596727
0.1111 0.0596727
0.1116 0.0547673
0.1121 0.0547673
0.1126 0.0264473
0.1131 0.0264473
0.1136 0.000392654
0.1141 0.0136327
0.1146 0.0136327
0.1151 0.0136327
0.1156 0.0416327
0.1161 0.0416327
0.1166 0.0688327
0.1171 0.0688327
0.1176 0.153433
0.1181 0.00571265
0.1186 0.0259273
0.1191 0.0259273
0.1196 0.0259273
0.1201 0.0259273
0.1206 0.0259273
0.1211 0.0259273
0.1216 0.00359265
0.1221 0.0185527
0.1226 0.0185527
0.1231 0.0185527
0.1236 0.0505127
0.1241 0.0505127
0.1246 0.111473
0.1251 0.0319273
0.1256 0.0319273
0.1261 0.0319273
0.1266 0.00427265
0.1271 0.00427265
0.1276 0.00427265
0.1281 0.00335265
0.1286 0.0372327
0.1291 0.0372327
0.1296 0.0372327
0.1301 0.0372327
0.1306 0.0758727
0.1311 0.0758727
0.1316 0.0933527
0.1321 0.0933527
0.1326 0.0933527
0.1331 0.0933527
0.1336 0.0431673
0.1341 0.0431673
0.1346 0.0431673
0.1351 0.0431673
0.1356 0.0431673
0.1361 0.0431673
0.1366 0.00116735
0.1371 0.0402727
0.1376 0.0402727
0.1381 0.0402727
0.1386 0.0402727
0.1391 0.0402727
0.1396 0.0823127
0.1401 0.0823127
0.1406 0.0823127
0.1411 0.124233
0.1416 0.166313
0.1421 0.166313
0.1426 0.187033
0.1431 0.0441127
0.1436 0.0441127
0.1441 0.0441127
0.1446 0.0441127
0.1451 0.0441127
0.1456 0.0441127
0.1461 0.0441127
0.1466 0.0203527
0.1471 0.0203527
0.1476 0.0203527
0.1481 0.0203527
0.1486 0.0685927
0.1491 0.0685927
0.1496 0.0685927
0.1501 0.0685927
0.1506 0.0685927
0.1511 0.0685927
0.1516 0.0685927
0.1521 0.0685927
0.1526 0.0685927
0.1531 0.0685927
0.1536 0.161873
0.1541 0.0336327
0.1546 0.0336327
0.1551 0.0209673
0.1556 0.00771265
0.1561 0.00771265
0.1566 0.00771265
0.1571 0.0619927
0.1576 0.0619927
0.1581 0.0619927
0.1586 0.0619927
0.1591 0.0619927
0.1596 0.0619927
0.1601 0.0619927
0.1606 0.0619927
0.1611 0.0619927
0.1616 0.0619927
0.1621 0.0619927
0.1626 0.117193
0.1631 0.117193
0.1636 0.117193
0.1641 0.117193
0.1646 0.117193
0.1651 0.117193
0.1656 0.117193
0.1661 0.117193
0.1666 0.117193
0.1671 0.00336735
0.1676 0.00336735
0.1681 0.00336735
0.1686 0.00336735
0.1691 0.00336735
0.1696 0.00336735
0.1701 0.00336735
0.1706 0.00336735
0.1711 0.0302327
0.1716 0.0302327
0.1721 0.0302327
0.1726 0.0302327
0.1731 0.0302327
0.1736 0.0302327
0.1741 0.0960727
0.1746 0.0960727
0.1751 0.0960727
0.1756 0.0960727
0.1761 0.0960727
0.1766 0.162473
0.1771 0.162473
0.1776 0.162473
0.1781 0.162473
0.1786 0.162473
0.1791 0.230273
0.1796 0.230273
0.1801 0.230273
0.1806 0.230273
0.1811 0.230273
0.1816 0.230273
0.1821 0.0975127
0.1826 0.0975127
0.1831 0.0975127
0.1836 0.0975127
0.1841 0.0975127
0.1846 0.0975127
0.1851 0.0975127
0.1856 0.0975127
0.1861 0.0975127
0.1866 0.0975127
0.1871 0.0975127
0.1876 0.0975127
0.1881 0.0975127
0.1886 0.0975127
0.1891 0.0975127
0.1896 0.0975127
0.1901 0.135593
0.1906 0.135593
0.1911 0.135593
0.1916 0.135593
0.1921 0.135593
0.1926 0.135593
0.1931 0.135593
0.1936 0.135593
0.1941 0.135593
0.1946 0.135593
0.1951 0.135593
0.1956 0.135593
0.1961 0.135593
0.1966 0.135593
0.1971 0.135593
0.1976 0.135593
0.1981 0.135593
0.1986 0.135593
0.1991 0.135593
0.1996 0.135593
0.2001 0.125113
0.2006 0.125113
0.2011 0.125113
0.2016 0.125113
0.2021 0.125113
0.2026 0.125113
0.2031 0.125113
0.2036 0.125113
0.2041 0.125113
0.2046 0.125113
0.2051 0.125113
0.2056 0.125113
0.2061 0.125113
0.2066 0.125113
0.2071 0.125113
0.2076 0.125113
0.2081 0.125113
0.2086 0.125113
0.2091 0.125113
0.2096 0.125113
0.2101 0.125113
0.2106 0.125113
0.2111 0.125113
0.2116 0.125113
0.2121 0.125113
0.2126 0.125113
0.2131 0.125113
0.2136 0.174713
0.2141 0.174713
0.2146 0.174713
0.2151 0.174713
0.2156 0.174713
0.2161 0.174713
0.2166 0.174713
0.2171 0.174713
0.2176 0.174713
0.2181 0.174713
0.2186 0.174713
0.2191 0.174713
0.2196 0.174713
0.2201 0.174713
0.2206 0.174713
0.2211 0.174713
0.2216 0.174713
0.2221 0.174713
0.2226 0.137393
0.2231 0.137393
0.2236 0.137393
0.2241 0.137393
0.2246 0.137393
0.2251 0.137393
0.2256 0.137393
0.2261 0.137393
0.2266 0.137393
0.2271 0.137393
0.2276 0.137393
0.2281 0.137393
0.2286 0.137393
0.2291 0.137393
0.2296 0.137393
0.2301 0.137393
0.2306 0.137393
0.2311 0.137393
0.2316 0.137393
0.2321 0.137393
0.2326 0.137393
0.2331 0.137393
0.2336 0.137393
0.2341 0.137393
0.2346 0.137393
0.2351 0.260553
0.2356 0.260553
0.2361 0.260553
0.2366 0.267593
0.2371 0.267593
0.2376 0.267593
0.2381 0.267593
0.2386 0.267593
0.2391 0.267593
0.2396 0.267593
0.2401 0.267593
0.2406 0.267593
0.2411 0.267593
0.2416 0.267593
0.2421 0.267593
0.2426 0.267593
0.2431 0.267593
0.2436 0.267593
0.2441 0.328393
0.2446 0.328393
0.2451 0.328393
0.2456 0.328393
0.2461 0.328393
0.2466 0.328393
0.2471 0.328393
0.2476 0.328393
0.2481 0.328393
0.2486 0.328393
0.2491 0.328393
0.2496 0.328393
0.2501 0.276953
0.2506 0.276953
0.2511 0.276953
0.2516 0.276953
0.2521 0.276953
0.2526 0.276953
0.2531 0.276953
0.2536 0.276953
0.2541 0.276953
0.2546 0.276953
0.2551 0.276953
0.2556 0.276953
0.2561 0.276953
0.2566 0.276953
0.2571 0.276953
0.2576 0.276953
0.2581 0.276953
0.2586 0.276953
0.2591 0.276953
0.2596 0.276953
0.2601 0.276953
0.2606 0.276953
0.2611 0.276953
0.2616 0.276953
0.2621 0.276953
0.2626 0.276953
0.2631 0.276953
0.2636 0.276953
0.2641 0.276953
0.2646 0.276953
0.2651 0.276953
0.2656 0.276953
0.2661 0.276953
0.2666 0.276953
0.2671 0.276953
0.2676 0.276953
0.2681 0.276953
0.2686 0.276953
0.2691 0.276953
0.2696 0.276953
0.2701 0.276953
0.2706 0.276953
0.2711 0.276953
0.2716 0.276953
0.2721 0.276953
0.2726 0.276953
0.2731 0.276953
0.2736 0.276953
0.2741 0.276953
0.2746 0.276953
0.2751 0.276953
0.2756 0.276953
0.2761 0.276953
0.2766 0.276953
0.2771 0.276953
0.2776 0.276953
0.2781 0.276953
0.2786 0.276953
0.2791 0.276953
0.2796 0.276953
0.2801 0.276953
0.2806 0.276953
0.2811 0.276953
0.2816 0.276953
0.2821 0.276953
0.2826 0.276953
0.2831 0.442113
0.2836 0.442113
0.2841 0.442113
0.2846 0.524073
0.2851 0.524073
0.2856 0.524073
0.2861 0.474273
0.2866 0.474273
0.2871 0.474273
0.2876 0.474273
0.2881 0.474273
0.2886 0.474273
0.2891 0.474273
0.2896 0.474273
0.2901 0.474273
0.2906 0.474273
0.2911 0.474273
0.2916 0.474273
0.2921 0.474273
0.2926 0.474273
0.2931 0.364233
0.2936 0.364233
0.2941 0.364233
0.2946 0.364233
0.2951 0.364233
0.2956 0.364233
0.2961 0.364233
0.2966 0.364233
0.2971 0.364233
0.2976 0.364233
0.2981 0.364233
0.2986 0.364233
0.2991 0.364233
0.2996 0.364233
0.3001 0.364233
0.3006 0.364233
0.3011 0.364233
0.3016 0.364233
0.3021 0.364233
0.3026 0.364233
0.3031 0.364233
0.3036 0.364233
0.3041 0.364233
0.3046 0.364233
0.3051 0.364233
0.3056 0.364233
0.3061 0.364233
0.3066 0.364233
0.3071 0.364233
0.3076 0.364233
0.3081 0.364233
0.3086 0.364233
0.3091 0.364233
0.3096 0.364233
0.3101 0.364233
0.3106 0.364233
0.3111 0.364233
0.3116 0.364233
0.3121 0.364233
0.3126 0.364233
0.3131 0.364233
0.3136 0.364233
0.3141 0.364233
0.3146 0.364233
0.3151 0.364233
0.3156 0.364233
0.3161 0.364233
0.3166 0.364233
0.3171 0.364233
0.3176 0.364233
0.3181 0.364233
0.3186 0.364233
0.3191 0.364233
0.3196 0.364233
0.3201 0.364233
0.3206 0.364233
0.3211 0.364233
0.3216 0.364233
0.3221 0.364233
0.3226 0.364233
0.3231 0.364233
0.3236 0.364233
0.3241 0.364233
0.3246 0.364233
0.3251 0.364233
0.3256 0.364233
0.3261 0.364233
0.3266 0.364233
0.3271 0.364233
0.3276 0.364233
0.3281 0.364233
0.3286 0.364233
0.3291 0.364233
0.3296 0.364233
0.3301 0.364233
0.3306 0.364233
0.3311 0.364233
0.3316 0.364233
0.3321 0.364233
0.3326 0.364233
0.3331 0.364233
0.3336 0.578433
0.3341 0.578433
0.3346 0.578433
0.3351 0.578433
0.3356 0.578433
0.3361 0.578433
0.3366 0.578433
0.3371 0.578433
0.3376 0.578433
0.3381 0.578433
0.3386 0.578433
0.3391 0.578433
0.3396 0.578433
0.3401 0.578433
0.3406 0.578433
0.3411 0.578433
0.3416 0.578433
0.3421 0.578433
0.3426 0.578433
0.3431 0.578433
0.3436 0.578433
0.3441 0.578433
0.3446 0.578433
0.3451 0.578433
0.3456 0.578433
0.3461 0.578433
0.3466 0.578433
0.3471 0.578433
0.3476 0.578433
0.3481 0.578433
0.3486 0.578433
0.3491 0.578433
0.3496 0.578433
0.3501 0.578433
0.3506 0.578433
0.3511 0.575873
0.3516 0.575873
0.3521 0.575873
0.3526 0.575873
0.3531 0.575873
0.3536 0.575873
0.3541 0.575873
0.3546 0.575873
0.3551 0.575873
0.3556 0.575873
0.3561 0.575873
0.3566 0.575873
0.3571 0.575873
0.3576 0.575873
0.3581 0.575873
0.3586 0.575873
0.3591 0.575873
0.3596 0.575873
0.3601 0.575873
0.3606 0.575873
0.3611 0.575873
0.3616 0.575873
0.3621 0.575873
0.3626 0.575873
0.3631 0.575873
0.3636 0.575873
0.3641 0.575873
0.3646 0.575873
0.3651 0.575873
0.3656 0.575873
0.3661 0.575873
0.3666 0.575873
0.3671 0.575873
0.3676 0.575873
0.3681 0.575873
0.3686 0.575873
0.3691 0.575873
0.3696 0.575873
0.3701 0.575873
0.3706 0.575873
0.3711 0.575873
0.3716 0.575873
0.3721 0.575873
0.3726 0.575873
0.3731 0.575873
0.3736 0.575873
0.3741 0.575873
0.3746 0.575873
0.3751 0.575873
0.3756 0.575873
0.3761 0.575873
0.3766 0.575873
0.3771 0.575873
0.3776 0.575873
0.3781 0.575873
0.3786 0.575873
0.3791 0.575873
0.3796 0.575873
0.3801 0.575873
0.3806 0.575873
0.3811 0.575873
0.3816 0.575873
0.3821 0.575873
0.3826 0.575873
0.3831 0.575873
0.3836 0.575873
0.3841 0.575873
0.3846 0.575873
0.3851 0.575873
0.3856 0.575873
0.3861 0.575873
0.3866 0.575873
0.3871 0.575873
0.3876 0.575873
0.3881 0.575873
0.3886 0.575873
0.3891 0.575873
0.3896 0.575873
0.3901 0.575873
0.3906 0.575873
0.3911 0.575873
0.3916 0.575873
0.3921 0.575873
0.3926 0.575873
0.3931 0.575873
0.3936 0.575873
0.3941 0.575873
0.3946 0.575873
0.3951 0.575873
0.3956 0.575873
0.3961 0.575873
0.3966 0.575873
0.3971 0.575873
0.3976 0.575873
0.3981 0.575873
0.3986 0.575873
0.3991 0.575873
0.3996 0.575873
0.4001 0.884353
0.4006 0.884353
0.4011 0.884353
0.4016 0.884353
0.4021 0.884353
0.4026 0.884353
0.4031 0.884353
0.4036 0.884353
0.4041 0.884353
0.4046 0.884353
0.4051 0.884353
0.4056 0.884353
0.4061 0.884353
0.4066 0.884353
0.4071 0.884353
0.4076 0.884353
0.4081 0.884353
0.4086 0.884353
0.4091 0.884353
0.4096 0.884353
0.4101 0.884353
0.4106 0.884353
0.4111 0.884353
0.4116 0.884353
0.4121 0.884353
0.4126 0.884353
0.4131 0.884353
0.4136 0.884353
0.4141 0.884353
0.4146 0.884353
0.4151 0.884353
0.4156 0.884353
0.4161 0.884353
0.4166 0.884353
0.4171 0.884353
0.4176 0.884353
0.4181 0.884353
0.4186 0.884353
0.4191 0.884353
0.4196 0.884353
0.4201 0.884353
0.4206 0.884353
0.4211 0.884353
0.4216 0.884353
0.4221 0.884353
0.4226 0.884353
0.4231 0.884353
0.4236 0.884353
0.4241 0.884353
0.4246 0.884353
0.4251 0.884353
0.4256 0.884353
0.4261 0.884353
0.4266 0.884353
0.4271 0.884353
0.4276 0.884353
0.4281 0.884353
0.4286 0.884353
0.4291 0.884353
0.4296 0.884353
0.4301 0.884353
0.4306 0.884353
0.4311 0.884353
0.4316 0.884353
0.4321 0.884353
0.4326 0.884353
0.4331 0.884353
0.4336 0.884353
0.4341 0.884353
0.4346 0.884353
0.4351 0.884353
0.4356 0.884353
0.4361 0.884353
0.4366 0.884353
0.4371 0.884353
0.4376 0.884353
0.4381 0.884353
0.4386 0.884353
0.4391 0.884353
0.4396 0.884353
0.4401 0.884353
0.4406 0.884353
0.4411 0.884353
0.4416 0.884353
0.4421 0.884353
0.4426 0.884353
0.4431 0.884353
0.4436 0.884353
0.4441 0.884353
0.4446 0.884353
0.4451 0.884353
0.4456 0.884353
0.4461 0.884353
0.4466 0.884353
0.4471 0.884353
0.4476 0.884353
0.4481 0.884353
0.4486 0.884353
0.4491 0.884353
0.4496 0.884353
0.4501 0.884353
0.4506 0.884353
0.4511 0.884353
0.4516 0.884353
0.4521 0.884353
0.4526 0.884353
0.4531 0.884353
0.4536 0.884353
0.4541 0.884353
0.4546 0.883593
0.4551 0.883593
0.4556 0.883593
0.4561 0.883593
0.4566 0.883593
0.4571 0.883593
0.4576 0.883593
0.4581 0.883593
0.4586 0.883593
0.4591 0.883593
0.4596 0.883593
0.4601 0.883593
0.4606 0.883593
0.4611 0.883593
0.4616 0.883593
0.4621 0.883593
0.4626 0.883593
0.4631 0.883593
0.4636 0.883593
0.4641 0.883593
0.4646 0.883593
0.4651 0.883593
0.4656 0.883593
0.4661 0.883593
0.4666 0.883593
0.4671 0.883593
0.4676 0.883593
0.4681 0.883593
0.4686 0.883593
0.4691 0.883593
0.4696 0.883593
0.4701 0.883593
0.4706 0.883593
0.4711 0.883593
0.4716 0.883593
0.4721 0.883593
0.4726 0.883593
0.4731 0.883593
0.4736 0.883593
0.4741 0.883593
0.4746 0.883593
0.4751 0.883593
0.4756 0.883593
0.4761 0.883593
0.4766 0.883593
0.4771 0.883593
0.4776 0.883593
0.4781 0.883593
0.4786 0.883593
0.4791 0.883593
0.4796 0.883593
0.4801 0.883593
0.4806 0.883593
0.4811 0.883593
0.4816 0.883593
0.4821 0.883593
0.4826 0.883593
0.4831 0.883593
0.4836 0.883593
0.4841 0.883593
0.4846 0.883593
0.4851 0.883593
0.4856 0.883593
0.4861 0.883593
0.4866 0.883593
0.4871 0.883593
0.4876 0.883593
0.4881 0.883593
0.4886 0.883593
0.4891 0.883593
0.4896 0.883593
0.4901 0.883593
0.4906 0.883593
0.4911 0.883593
0.4916 0.883593
0.4921 0.883593
0.4926 0.883593
0.4931 0.883593
0.4936 0.883593
0.4941 0.883593
0.4946 0.883593
0.4951 0.883593
0.4956 0.883593
0.4961 0.883593
0.4966 0.883593
0.4971 0.883593
0.4976 0.883593
0.4981 0.883593
0.4986 0.883593
0.4991 0.883593
0.4996 0.883593
0.5001 1.36903
0.5006 1.36903
0.5011 1.36903
0.5016 1.36903
0.5021 1.36903
0.5026 1.36903
0.5031 1.36903
0.5036 1.36903
0.5041 1.36903
0.5046 1.36903
0.5051 1.36903
0.5056 1.36903
0.5061 1.36903
0.5066 1.36903
0.5071 1.36903
0.5076 1.36903
0.5081 1.36903
0.5086 1.36903
0.5091 1.36903
0.5096 1.36903
0.5101 1.36903
0.5106 1.36903
0.5111 1.36903
0.5116 1.36903
0.5121 1.36903
0.5126 1.36903
0.5131 1.36903
0.5136 1.36903
0.5141 1.36903
0.5146 1.36903
0.5151 1.36903
0.5156 1.36903
0.5161 1.36903
0.5166 1.36903
0.5171 1.36903
0.5176 1.36903
0.5181 1.36903
0.5186 1.36903
0.5191 1.36903
0.5196 1.36903
0.5201 1.36903
0.5206 1.36903
0.5211 1.36903
0.5216 1.36903
0.5221 1.36903
0.5226 1.36903
0.5231 1.36903
0.5236 1.36903
0.5241 1.36903
0.5246 1.36903
0.5251 1.36903
0.5256 1.36903
0.5261 1.36903
0.5266 1.36903
0.5271 1.36903
0.5276 1.36903
0.5281 1.36903
0.5286 1.36903
0.5291 1.36903
0.5296 1.36903
0.5301 1.36903
0.5306 1.36903
0.5311 1.36903
0.5316 1.36903
0.5321 1.36903
0.5326 1.36903
0.5331 1.36903
0.5336 1.36903
0.5341 1.36903
0.5346 1.36903
0.5351 1.36903
0.5356 1.36903
0.5361 1.36903
0.5366 1.36903
0.5371 1.36903
0.5376 1.36903
0.5381 1.36903
0.5386 1.36903
0.5391 1.36903
0.5396 1.36903
0.5401 1.36903
0.5406 1.36903
0.5411 1.36903
0.5416 1.36903
0.5421 1.36903
0.5426 1.36903
0.5431 1.36903
0.5436 1.36903
0.5441 1.36903
0.5446 1.36903
0.5451 1.36903
0.5456 1.36903
0.5461 1.36903
0.5466 1.36903
0.5471 1.36903
0.5476 1.36903
0.5481 1.36903
0.5486 1.36903
0.5491 1.36903
0.5496 1.36903
0.5501 1.36903
0.5506 1.36903
0.5511 1.36903
0.5516 1.37111
0.5521 1.37111
0.5526 1.37111
0.5531 1.37111
0.5536 1.37111
0.5541 1.37111
0.5546 1.37111
0.5551 1.37111
0.5556 1.37111
0.5561 1.37111
0.5566 1.37111
0.5571 1.37111
0.5576 1.37111
0.5581 1.37111
0.5586 1.37111
0.5591 1.37111
0.5596 1.37111
0.5601 1.37111
0.5606 1.37111
0.5611 1.37111
0.5616 1.37111
0.5621 1.37111
0.5626 1.37111
0.5631 1.37111
0.5636 1.37111
0.5641 1.37111
0.5646 1.37111
0.5651 1.37111
0.5656 1.37111
0.5661 1.37111
0.5666 1.37111
0.5671 1.37111
0.5676 1.37111
0.5681 1.37111
0.5686 1.37111
0.5691 1.37111
0.5696 1.37111
0.5701 1.37111
0.5706 1.37111
0.5711 1.37111
0.5716 1.37111
0.5721 1.37111
0.5726 1.37111
0.5731 1.37111
0.5736 1.37111
0.5741 1.37111
0.5746 1.37111
0.5751 1.37111
0.5756 1.37111
0.5761 1.37111
0.5766 1.37111
0.5771 1.37111
0.5776 1.37111
0.5781 1.37111
0.5786 1.37111
0.5791 1.37111
0.5796 1.37111
0.5801 1.37111
0.5806 1.37111
0.5811 1.37111
0.5816 1.37111
0.5821 1.37111
0.5826 1.37111
0.5831 1.37111
0.5836 1.37111
0.5841 1.37111
0.5846 1.37111
0.5851 1.37111
0.5856 1.37111
0.5861 1.37111
0.5866 1.37111
0.5871 1.37111
0.5876 1.37111
0.5881 1.37111
0.5886 1.37111
0.5891 1.37111
0.5896 1.37111
0.5901 1.37111
0.5906 1.37111
0.5911 1.37111
0.5916 1.37111
0.5921 1.37111
0.5926 1.37111
0.5931 1.37111
0.5936 1.37111
0.5941 1.37111
0.5946 1.37111
0.5951 1.37111
0.5956 1.37111
0.5961 1.37111
0.5966 1.37111
0.5971 1.37111
0.5976 1.37111
0.5981 1.37111
0.5986 1.37111
0.5991 1.37111
0.5996 1.37111
0.6001 1.37111
0.6006 1.37111
0.6011 1.37111
0.6016 1.37111
0.6021 1.37111
0.6026 1.37111
0.6031 1.37111
0.6036 1.37111
0.6041 1.37111
0.6046 1.37111
0.6051 1.37111
0.6056 1.37111
0.6061 1.37111
0.6066 1.37111
0.6071 1.37111
0.6076 1.37111
0.6081 1.37111
0.6086 1.37111
0.6091 1.37111
0.6096 1.37111
0.6101 1.37111
0.6106 1.37111
0.6111 1.37111
0.6116 1.37111
0.6121 1.37111
0.6126 1.37111
0.6131 1.37111
0.6136 1.37111
0.6141 1.37111
0.6146 1.37111
0.6151 1.37111
0.6156 1.37111
0.6161 1.37111
0.6166 1.37111
0.6171 1.37111
0.6176 1.37111
0.6181 1.37111
0.6186 1.37111
0.6191 1.37111
0.6196 1.37111
0.6201 1.37111
0.6206 1.37111
0.6211 1.37111
0.6216 1.37111
0.6221 1.37111
0.6226 1.37111
0.6231 1.37111
0.6236 1.37111
0.6241 1.37111
0.6246 1.37111
0.6251 1.37111
0.6256 1.37111
0.6261 1.37111
0.6266 1.37111
0.6271 1.37111
0.6276 1.37111
0.6281 1.37111
0.6286 1.37111
0.6291 1.37111
0.6296 1.37111
0.6301 1.37111
0.6306 1.37111
0.6311 1.37111
0.6316 1.37111
0.6321 1.37111
0.6326 1.37111
0.6331 1.37111
0.6336 1.37111
0.6341 1.37111
0.6346 1.37111
0.6351 1.37111
0.6356 1.37111
0.6361 1.37111
0.6366 1.37111
0.6371 1.37111
0.6376 1.37111
0.6381 1.37111
0.6386 1.37111
0.6391 1.37111
0.6396 1.37111
0.6401 1.37111
0.6406 1.37111
0.6411 1.37111
0.6416 1.37111
0.6421 1.37111
0.6426 1.37111
0.6431 1.37111
0.6436 1.37111
0.6441 1.37111
0.6446 1.37111
0.6451 1.37111
0.6456 1.37111
0.6461 1.37111
0.6466 1.37111
0.6471 1.37111
0.6476 1.37111
0.6481 1.37111
0.6486 1.36523
0.6491 1.36523
0.6496 1.36523
0.6501 1.36523
0.6506 1.36523
0.6511 1.36523
0.6516 1.36523
0.6521 1.36523
0.6526 1.36523
0.6531 1.36523
0.6536 1.36523
0.6541 1.36523
0.6546 1.36523
0.6551 1.36523
0.6556 1.36523
0.6561 1.36523
0.6566 1.36523
0.6571 1.36523
0.6576 1.36523
0.6581 1.36523
0.6586 1.36523
0.6591 1.36523
0.6596 1.36523
0.6601 1.36523
0.6606 1.36523
0.6611 1.36523
0.6616 1.36523
0.6621 1.36523
0.6626 1.36523
0.6631 1.36523
0.6636 1.36523
0.6641 1.36523
0.6646 1.36523
0.6651 1.36523
0.6656 1.36523
0.6661 1.36523
0.6666 1.36523
0.6671 2.13655
0.6676 2.13655
0.6681 2.13655
0.6686 2.13655
0.6691 2.13655
0.6696 2.13655
0.6701 2.13655
0.6706 2.13655
0.6711 2.13655
0.6716 2.13655
0.6721 2.13655
0.6726 2.13655
0.6731 2.13655
0.6736 2.13655
0.6741 2.13655
0.6746 2.13655
0.6751 2.13655
0.6756 2.13655
0.6761 2.13655
0.6766 2.13655
0.6771 2.13655
0.6776 2.13655
0.6781 2.13655
0.6786 2.13655
0.6791 2.13655
0.6796 2.13655
0.6801 2.13655
0.6806 2.13655
0.6811 2.13655
0.6816 2.13655
0.6821 2.13655
0.6826 2.13655
0.6831 2.13655
0.6836 2.13655
0.6841 2.13655
0.6846 2.13655
0.6851 2.13655
0.6856 2.13655
0.6861 2.13655
0.6866 2.13655
0.6871 2.13655
0.6876 2.13655
0.6881 2.13655
0.6886 2.13655
0.6891 2.13655
0.6896 2.13655
0.6901 2.13655
0.6906 2.13655
0.6911 2.13655
0.6916 2.13655
0.6921 2.13655
0.6926 2.13655
0.6931 2.13655
0.6936 2.13655
0.6941 2.13655
0.6946 2.13655
0.6951 2.13655
0.6956 2.13655
0.6961 2.13655
0.6966 2.13655
0.6971 2.13655
0.6976 2.13655
0.6981 2.13655
0.6986 2.13655
0.6991 2.13655
0.6996 2.13655
0.7001 2.13655
0.7006 2.13655
0.7011 2.13655
0.7016 2.13655
0.7021 2.13655
0.7026 2.13655
0.7031 2.13655
0.7036 2.13655
0.7041 2.13655
0.7046 2.13655
0.7051 2.13655
0.7056 2.13655
0.7061 2.13655
0.7066 2.13655
0.7071 2.13655
0.7076 2.13655
0.7081 2.13655
0.7086 2.13655
0.7091 2.13655
0.7096 2.13655
0.7101 2.13655
0.7106 2.13655
0.7111 2.13655
0.7116 2.13655
0.7121 2.13655
0.7126 2.13655
0.7131 2.13655
0.7136 2.13655
0.7141 2.13655
0.7146 2.13655
0.7151 2.13655
0.7156 2.13655
0.7161 2.13655
0.7166 2.13655
0.7171 2.13655
0.7176 2.13655
0.7181 2.13655
0.7186 2.13655
0.7191 2.13655
0.7196 2.13655
0.7201 2.13655
0.7206 2.13655
0.7211 2.13655
0.7216 2.13655
0.7221 2.13655
0.7226 2.13655
0.7231 2.13655
0.7236 2.13655
0.7241 2.13655
0.7246 2.13655
0.7251 2.13655
0.7256 2.13655
0.7261 2.13655
0.7266 2.13655
0.7271 2.13655
0.7276 2.13655
0.7281 2.13655
0.7286 2.13655
0.7291 2.13655
0.7296 2.13655
0.7301 2.13655
0.7306 2.13655
0.7311 2.13655
0.7316 2.13655
0.7321 2.13655
0.7326 2.13655
0.7331 2.13655
0.7336 2.13655
0.7341 2.13655
0.7346 2.13655
0.7351 2.13655
0.7356 2.13655
0.7361 2.13655
0.7366 2.13655
0.7371 2.13655
0.7376 2.13655
0.7381 2.13655
0.7386 2.13655
0.7391 2.13655
0.7396 2.13655
0.7401 2.13655
0.7406 2.13655
0.7411 2.13655
0.7416 2.13655
0.7421 2.13655
0.7426 2.13655
0.7431 2.13655
0.7436 2.13655
0.7441 2.13655
0.7446 2.13655
0.7451 2.13655
0.7456 2.13655
0.7461 2.13655
0.7466 2.13655
0.7471 2.13655
0.7476 2.13655
0.7481 2.13655
0.7486 2.13655
0.7491 2.13655
0.7496 2.13655
0.7501 2.13655
0.7506 2.13655
0.7511 2.13655
0.7516 2.13655
0.7521 2.13655
0.7526 2.13655
0.7531 2.13655
0.7536 2.13655
0.7541 2.13655
0.7546 2.13655
0.7551 2.13655
0.7556 2.13655
0.7561 2.13655
0.7566 2.13655
0.7571 2.13655
0.7576 2.13655
0.7581 2.13655
0.7586 2.13655
0.7591 2.13655
0.7596 2.13655
0.7601 2.13655
0.7606 2.13655
0.7611 2.14451
0.7616 2.14451
0.7621 2.14451
0.7626 2.14451
0.7631 2.14451
0.7636 2.14451
0.7641 2.14451
0.7646 2.14451
0.7651 2.14451
0.7656 2.14451
0.7661 2.14451
0.7666 2.14451
0.7671 2.14451
0.7676 2.14451
0.7681 2.14451
0.7686 2.14451
0.7691 2.14451
0.7696 2.14451
0.7701 2.14451
0.7706 2.14451
0.7711 2.14451
0.7716 2.14451
0.7721 2.14451
0.7726 2.14451
0.7731 2.14451
0.7736 2.14451
0.7741 2.14451
0.7746 2.14451
0.7751 2.14451
0.7756 2.14451
0.7761 2.14451
0.7766 2.14451
0.7771 2.14451
0.7776 2.14451
0.7781 2.14451
0.7786 2.14451
0.7791 2.14451
0.7796 2.14451
0.7801 2.14451
0.7806 2.14451
0.7811 2.14451
0.7816 2.14451
0.7821 2.14451
0.7826 2.14451
0.7831 2.14451
0.7836 2.14451
0.7841 2.14451
0.7846 2.14451
0.7851 2.14451
0.7856 2.14451
0.7861 2.14451
0.7866 2.14451
0.7871 2.14451
0.7876 2.14451
0.7881 2.14451
0.7886 2.14451
0.7891 2.14451
0.7896 2.14451
0.7901 2.14451
0.7906 2.14451
0.7911 2.14451
0.7916 2.14451
0.7921 2.14451
0.7926 2.14451
0.7931 2.14451
0.7936 2.14451
0.7941 2.14451
0.7946 2.14451
0.7951 2.14451
0.7956 2.14451
0.7961 2.14451
0.7966 2.14451
0.7971 2.14451
0.7976 2.14451
0.7981 2.14451
0.7986 2.14451
0.7991 2.14451
0.7996 2.14451
0.8001 2.14451
0.8006 2.14451
0.8011 2.14451
0.8016 2.14451
0.8021 2.14451
0.8026 2.14451
0.8031 2.14451
0.8036 2.14451
0.8041 2.14451
0.8046 2.14451
0.8051 2.14451
0.8056 2.14451
0.8061 2.14451
0.8066 2.14451
0.8071 2.14451
0.8076 2.14451
0.8081 2.14451
0.8086 2.14451
0.8091 2.14451
0.8096 2.14451
0.8101 2.14451
0.8106 2.14451
0.8111 2.14451
0.8116 2.14451
0.8121 2.14451
0.8126 2.14451
0.8131 2.14451
0.8136 2.14451
0.8141 2.14451
0.8146 2.14451
0.8151 2.14451
0.8156 2.14451
0.8161 2.14451
0.8166 2.14451
0.8171 2.14451
0.8176 2.14451
0.8181 2.14451
0.8186 2.14451
0.8191 2.14451
0.8196 2.14451
0.8201 2.14451
0.8206 2.14451
0.8211 2.14451
0.8216 2.14451
0.8221 2.14451
0.8226 2.14451
0.8231 2.14451
0.8236 2.14451
0.8241 2.14451
0.8246 2.14451
0.8251 2.14451
0.8256 2.14451
0.8261 2.14451
0.8266 2.14451
0.8271 2.14451
0.8276 2.14451
0.8281 2.14451
0.8286 2.14451
0.8291 2.14451
0.8296 2.14451
0.8301 2.14451
0.8306 2.14451
0.8311 2.14451
0.8316 2.14451
0.8321 2.14451
0.8326 2.14451
0.8331 2.14451
0.8336 2.14451
0.8341 2.14451
0.8346 2.14451
0.8351 2.14451
0.8356 2.14451
0.8361 2.14451
0.8366 2.14451
0.8371 2.14451
0.8376 2.14451
0.8381 2.14451
0.8386 2.14451
0.8391 2.14451
0.8396 2.14451
0.8401 2.14451
0.8406 2.14451
0.8411 2.14451
0.8416 2.14451
0.8421 2.14451
0.8426 2.14451
0.8431 2.14451
0.8436 2.14451
0.8441 2.14451
0.8446 2.14451
0.8451 2.14451
0.8456 2.14451
0.8461 2.14451
0.8466 2.14451
0.8471 2.14451
0.8476 2.14451
0.8481 2.14451
0.8486 2.14451
0.8491 2.14451
0.8496 2.14451
0.8501 2.14451
0.8506 2.14451
0.8511 2.14451
0.8516 2.14451
0.8521 2.14451
0.8526 2.14451
0.8531 2.14451
0.8536 2.14451
0.8541 2.14451
0.8546 2.14451
0.8551 2.14451
0.8556 2.14451
0.8561 2.14451
0.8566 2.14451
0.8571 2.14451
0.8576 2.14451
0.8581 2.14451
0.8586 2.14451
0.8591 2.14451
0.8596 2.14451
0.8601 2.14451
0.8606 2.14451
0.8611 2.14451
0.8616 2.14451
0.8621 2.14451
0.8626 2.14451
0.8631 2.14451
0.8636 2.14451
0.8641 2.14451
0.8646 2.14451
0.8651 2.14451
0.8656 2.14451
0.8661 2.14451
0.8666 2.14451
0.8671 2.14451
0.8676 2.14451
0.8681 2.14451
0.8686 2.14451
0.8691 2.14451
0.8696 2.14451
0.8701 2.14451
0.8706 2.14451
0.8711 2.14451
0.8716 2.14451
0.8721 2.14451
0.8726 2.14451
0.8731 2.14451
0.8736 2.14451
0.8741 2.14451
0.8746 2.14451
0.8751 2.14451
0.8756 2.14451
0.8761 2.14451
0.8766 2.14451
0.8771 2.14451
0.8776 2.14451
0.8781 2.14451
0.8786 2.14451
0.8791 2.14451
0.8796 2.14451
0.8801 2.14451
0.8806 2.14451
0.8811 2.14451
0.8816 2.14451
0.8821 2.14451
0.8826 2.14451
0.8831 2.14451
0.8836 2.14451
0.8841 2.14451
0.8846 2.14451
0.8851 2.14767
0.8856 2.14767
0.8861 2.14767
0.8866 2.14767
0.8871 2.14767
0.8876 2.14767
0.8881 2.14767
0.8886 2.14767
0.8891 2.14767
0.8896 2.14767
0.8901 2.14767
0.8906 2.14767
0.8911 2.14767
0.8916 2.14767
0.8921 2.14767
0.8926 2.14767
0.8931 2.14767
0.8936 2.14767
0.8941 2.14767
0.8946 2.14767
0.8951 2.14767
0.8956 2.14767
0.8961 2.14767
0.8966 2.14767
0.8971 2.14767
0.8976 2.14767
0.8981 2.14767
0.8986 2.14767
0.8991 2.14767
0.8996 2.14767
0.9001 2.14767
0.9006 2.14767
0.9011 2.14767
0.9016 2.14767
0.9021 2.14767
0.9026 2.14767
0.9031 2.14767
0.9036 2.14767
0.9041 2.14767
0.9046 2.14767
0.9051 2.14767
0.9056 2.14767
0.9061 2.14767
0.9066 2.14767
0.9071 2.14767
0.9076 2.14767
0.9081 2.14767
0.9086 2.14767
0.9091 2.14767
0.9096 2.14767
0.9101 2.14767
0.9106 2.14767
0.9111 2.14767
0.9116 2.14767
0.9121 2.14767
0.9126 2.14767
0.9131 2.14767
0.9136 2.14767
0.9141 2.14767
0.9146 2.14767
0.9151 2.14767
0.9156 2.14767
0.9161 2.14767
0.9166 2.14767
0.9171 2.14767
0.9176 2.14767
0.9181 2.14767
0.9186 2.14767
0.9191 2.14767
0.9196 2.14767
0.9201 2.14767
0.9206 2.14767
0.9211 2.14767
0.9216 2.14767
0.9221 2.14767
0.9226 2.14767
0.9231 2.14767
0.9236 2.14767
0.9241 2.14767
0.9246 2.14767
0.9251 2.14767
0.9256 2.14767
0.9261 2.14767
0.9266 2.14767
0.9271 2.14767
0.9276 2.14767
0.9281 2.14767
0.9286 2.14767
0.9291 2.14767
0.9296 2.14767
0.9301 2.14767
0.9306 2.14767
0.9311 2.14767
0.9316 2.14767
0.9321 2.14767
0.9326 2.14767
0.9331 2.14767
0.9336 2.14767
0.9341 2.14767
0.9346 2.14767
0.9351 2.14767
0.9356 2.14767
0.9361 2.14767
0.9366 2.14767
0.9371 2.14767
0.9376 2.14767
0.9381 2.14767
0.9386 2.14767
0.9391 2.14767
0.9396 2.14767
0.9401 2.14767
0.9406 2.14767
0.9411 2.14767
0.9416 2.14767
0.9421 2.14767
0.9426 2.14767
0.9431 2.14767
0.9436 2.14767
0.9441 2.14767
0.9446 2.14767
0.9451 2.14767
0.9456 2.14767
0.9461 2.14767
0.9466 2.14767
0.9471 2.14767
0.9476 2.14767
0.9481 2.14767
0.9486 2.14767
0.9491 2.14767
0.9496 2.14767
0.9501 2.14767
0.9506 2.14767
0.9511 2.14767
0.9516 2.14767
0.9521 2.14767
0.9526 2.14767
0.9531 2.14767
0.9536 2.14767
0.9541 2.14767
0.9546 2.14767
0.9551 2.14767
0.9556 2.14767
0.9561 2.14767
0.9566 2.14767
0.9571 2.14767
0.9576 2.14767
0.9581 2.14767
0.9586 2.14767
0.9591 2.14767
0.9596 2.14767
0.9601 2.14767
0.9606 2.14767
0.9611 2.14767
0.9616 2.14767
0.9621 2.14767
0.9626 2.14767
0.9631 2.14767
0.9636 2.14767
0.9641 2.14767
0.9646 2.14767
0.9651 2.14767
0.9656 2.14767
0.9661 2.14767
0.9666 2.14767
0.9671 2.14767
0.9676 2.14767
0.9681 2.14767
0.9686 2.14767
0.9691 2.14767
0.9696 2.14767
0.9701 2.14767
0.9706 2.14767
0.9711 2.14767
0.9716 2.14767
0.9721 2.14767
0.9726 2.14767
0.9731 2.14767
0.9736 2.14767
0.9741 2.14767
0.9746 2.14767
0.9751 2.14767
0.9756 2.14767
0.9761 2.14767
0.9766 2.14767
0.9771 2.14767
0.9776 2.14767
0.9781 2.14767
0.9786 2.14767
0.9791 2.14767
0.9796 2.14767
0.9801 2.14767
0.9806 2.14767
0.9811 2.14767
0.9816 2.14767
0.9821 2.14767
0.9826 2.14767
0.9831 2.14767
0.9836 2.14767
0.9841 2.14767
0.9846 2.14767
0.9851 2.14767
0.9856 2.14767
0.9861 2.14767
0.9866 2.14767
0.9871 2.14767
0.9876 2.14767
0.9881 2.14767
0.9886 2.14767
0.9891 2.14767
0.9896 2.14767
0.9901 2.14767
0.9906 2.14767
0.9911 2.14767
0.9916 2.14767
0.9921 2.14767
0.9926 2.14767
0.9931 2.14767
0.9936 2.14767
0.9941 2.14767
0.9946 2.14767
0.9951 2.14767
0.9956 2.14767
0.9961 2.14767
0.9966 2.14767
0.9971 2.14767
0.9976 2.14767
0.9981 2.14767
0.9986 2.14767
0.9991 2.14767
0.9996 2.14767
